Start laufanzeiger ..
 # Registration is off 
 # udp send to 169.254.255.255
 # local ip (empty listen an all) true
 # usage: ./laufanzeiger -bc 169.254.255.255 -reg=false/true -ip=true/false -mqtt localhost 

 # to work with multiple interfaces use local IP - reg is not possible with IP true

found self assigned  169.254.36.70
169.254.36.70
Init Mqtt ... 
connect to tcp://ubuntu:1883
please check if it is tcp4
client  5577006791947779410
Waiting on mqtt ... 
MQTT connected 
Starting UDP
Local Listener Address:  169.254.36.70:2000
UDP Detination Address:  169.254.255.255:2000
:2000
[140] 1
[140] 1
[100] 1
[20] 3
[20] 3
[20] 3
[20] 3
[20] 3
[20] 3
[20] 3
[20] 3
[20] 3
[20] 3
[20] 3
[20] 3
[20] 3
[20] 3
[20] 3
[20] 3
[20] 3
[20] 3
[20] 3
[20] 3
[20] 3
[20] 3
[20] 3
[20] 3
[20] 3
[20] 3
[20] 3
[20] 3
[20] 3
[20] 3
[20] 3
[20] 3
[20] 3
[20] 3
[20] 3
[20] 4
[20] 4
[20] 4
[20] 4
[20] 4
[20] 4
[20] 4
[20] 4
[20] 4
[20] 4
[20] 4
[20] 4
[20] 4
[20] 4
[20] [20] 4
4
[20] 4
[20] 4
[20] 4
[20] 4
[20] 4
[20] 4
[20] 4
[20] 4
[20] 4
[20] 4
[20] 4
[20] 4
[20] 4
[20] 4
[20] 4
[20] 4
[20] 4
[20] 4
[20] 4
[20] 4
[100] 3
[20] 5
[20] 5
[20] 5
[20] 5
[20] 5
[20] 5
[20] 5
[20] 5
[20] 5
[20] 5
[20] 5
[20] 5
[20] 5
[20] 5
[20] [20] 5
5
[20] 5
[20] 5
[20] 5
[20] 5
[20] 5
[20] 5
[20] 5
[20] 5
[20] 5
[20] 5
[20] 5
[20] 5
[20] 5
[20] 5
[20] 5
[20] 5
[20] 5
[20] 5
[20] 5
[100] 1
[20] 3
[20] 3
[20] 3
[20] 3
[20] 3
[20] 3
[20] 3
[20] 3
[20] 3
[20] 3
[20] 3
[20] 3
[20] 3
[20] 3
[20] 3
[20] 3
[20] 3
[20] 3
[20] 3
[20] 3
[20] 3
[20] 3
[20] 3
[20] 3
[20] 3
[20] 3
[20] 3
[20] 3
[20] 3
[20] 3
[20] 3
[20] 3
[20] 3
[20] 3
[100] 2
[100] 2
[20] 4
[20] 4
[20] 4
[20] 4
[20] 4
[20] 4
[20] 4
[20] 4
[20] 4
[20] 4
[20] 4
[20] 4
[20] 4
[100] 4
[20] 6
[20] 6
[20] 6
[20] 6
[20] 6
[20] 6
[20] 6
[20] 6
[20] 6
[20] 6
[20] 6
[20] 6
[20] 6
[20] 6
[20] 6
[20] 6
[20] 6
[20] 6
[20] 6
[20] 6
[20] 6
[20] 6
[20] 6
[20] 6
[20] 6
[20] 6
[20] 6
[20] 6
[20] 6
[20] 6
[20] 6
[20] 6
[20] 4
[20] 6
[20] 6
[20] 6
[20] 7
[20] 7
[20] 7
[20] 7
[20] 7
[20] 7
[20] 7
[20] 7
[20] 7
[20] 7
[20] 7
[20] 7
[20] 7
[20] 7
[20] 7
[20] 7
[20] 7
[20] 7
[20] 7
[20] 7
[20] 7
[20] 7
[20] 7
[20] [20] 7
7
[20] 4
[20] 7
[20] 7
[20] 7
[20] 7
[20] 7
[20] 7
[20] 7
[20] 7
[20] 7
[20] 7
[20] 7
[20] 4
[20] 4
[20] 4
[20] 4
[20] 4
[20] 4
[20] 4
[20] 4
[20] 4
[20] 4
[20] 4
[20] 4
[20] 4
[20] 4
[20] 4
[20] 4
[20] 4
[20] 4
[20] 4
[100] 3
[100] 3
[20] 5
[20] 5
[20] 5
[20] 5
[20] 5
[20] 5
[20] 5
[20] 5
[20] 5
[20] 5
[20] 5
[20] 5
[20] 5
[20] 5
[20] 5
[20] 5
[20] 5
[20] 5
[20] 5
[20] 5
[20] 5
[20] 5
[20] 5
[20] 5
[20] 5
[20] 5
[100] 6
[20] 8
[20] 8
[20] 8
[20] 8
[20] 8
[20] 8
[20] 8
[20] 8
[20] 8
[20] 8
[20] 8
[20] 8
[20] 8
[20] 8
[20] 8
[20] 8
[20] 8
[20] 8
[20] 8
[20] 8
[20] 8
[20] 8
[20] 8
[20] 8
[20] 8
[20] 8
[20] 8
[20] 8
[20] 8
[20] 8
[20] 8
[20] 8
[20] 8
[20] 8
[100] [100] 7
[100] 7
7
[20] 9
[20] 9
[20] 9
[20] 9
[20] 9
[20] 9
[20] 9
[20] 9
[20] 9
[20] 5
[20] 9
[20] 9
[20] 9
[20] 9
[20] 9
[20] 9
[20] 9
[20] 9
[20] 9
[20] 9
[20] 9
[20] 9
[20] 9
[20] 9
[20] 9
[20] 9
[20] 9
[20] 9
[20] 9
[20] 9
[20] 9
[20] 9
[20] 9
[20] 9
[20] 9
[20] 9
[20] 9
[20] 5
[20] 5
[20] 5
[20] 5
[20] 5
[100] 4
[100] 4
[20] 6
[20] 6
[20] 6
[20] 6
[20] 6
[20] 6
[20] 6
[20] 6
[20] 6
[20] 6
[20] 6
[20] 6
[20] 6
[20] 6
[20] 6
[20] 6
[20] 6
[20] 6
[20] 6
[20] 6
[20] 6
[20] 6
[20] 6
[20] 6
[20] 6
[20] 6
[20] 6
[20] 6
[20] 6
[20] 6
[20] 6
[20] 6
[20] 6
[20] 6
[100] 5
[100] 5
[20] 7
[20] 7
[20] 7
[20] 7
[20] 7
[100] 8
[20] 10
[20] 10
[20] 10
[20] 10
[20] 10
[20] 10
[20] 10
[20] 10
[20] 10
[20] 10
[20] 10
[20] 10
[20] 10
[20] 10
[20] 10
[20] 10
[20] 10
[20] 10
[20] [20] 10
10
[20] 10
[20] 10
[20] 10
[20] 10
[20] 10
[20] 10
[20] 10
[20] 10
[20] 10
[20] 10
[20] 10
[20] 10
[20] 10
[100] 9
[100] 9
[100] 9
[100] 9
[20] 11
[20] 11
[20] 11
[20] 11
[20] 7
[20] 11
[20] 11
[20] 11
[20] 11
[20] 11
[20] 11
[20] 11
[20] 11
[20] [20] 11
11
[20] 11
[20] 11
[20] 11
[20] 11
[20] 11
[20] 11
[20] 11
[20] 11
[20] 7
[20] 7
[20] 11
[20] 11
[20] 11
[20] 11
[20] 11
[20] 11
[20] 11
[20] [20] 11
11
[20] 11
[20] 11
[20] 11
[100] 10
[20] 12
[20] 12
[20] 12
[20] 12
[20] 12
[20] 12
[20] 12
[20] 12
[20] 12
[20] 12
[20] 12
[20] 7
[20] 12
[20] 12
[20] 12
[20] 12
[20] 12
[20] 12
[20] 12
[20] 12
[20] 12
[20] 12
[20] 7
[20] 7
[20] 7
[20] 7
[20] 7
[20] 7
[20] 7
[20] 7
[20] 7
[20] 7
[20] 7
[20] 7
[20] 7
[20] 7
[20] 7
[20] 7
[20] 7
[20] 7
[20] 7
[20] 7
[20] 7
[20] 7
[20] 7
[20] 7
[20] 7
[100] 6
[100] 6
[20] 8
[20] 8
[20] 8
[20] 8
[20] 8
[20] 8
[20] 8
[20] 8
[20] 8
[20] 8
[20] 8
[20] 8
[20] 8
[20] 8
[20] 8
[20] 8
[20] 8
[20] 8
[20] 12
[20] 12
[20] 12
[20] 12
[20] 12
[20] 12
[20] 12
[20] 12
[20] 12
[20] 12
[20] 12
[20] 12
[100] 11
[100] 11
[100] 11
[20] 13
[20] 13
[20] 13
[20] 13
[20] 13
[20] 13
[20] 13
[20] 13
[20] 13
[20] 13
[20] 13
[20] [20] 13
13
[20] 8
[20] 8
[20] 8
[20] 13
[20] 13
[20] 13
[20] 13
[20] 13
[20] 13
[20] 13
[20] 13
[20] 13
[20] 13
[20] 13
[20] 13
[20] 13
[20] 13
[20] 13
[20] 13
[20] 13
[20] 13
[20] 13
[20] 13
[20] 14
[20] 14
[20] 14
[20] 14
[20] 14
[20] 8
[20] 14
[20] 14
[20] 14
[20] 14
[20] 14
[20] 14
[20] 14
[20] 14
[20] 14
[20] 14
[20] 14
[20] 8
[20] 14
[20] 14
[20] 14
[20] 14
[20] 14
[20] 14
[20] 14
[20] 14
[20] 14
[20] 14
[20] 14
[20] 14
[20] 14
[20] 14
[20] 14
[20] 14
[20] 14
[20] 14
[20] 14
[20] 14
[20] 8
[20] 8
[20] 8
[20] 8
[20] 8
[20] 8
[20] 8
[20] 8
[20] 8
[20] 8
[20] 8
[20] 8
[20] 8
[100] 7
[100] 7
[20] 9
[20] 9
[20] 9
[20] 9
[20] 9
[20] 9
[20] 9
[20] 9
[20] 9
[20] 9
[20] 9
[20] 9
[20] 9
[20] 9
[20] 9
[20] 9
[20] 9
[20] 9
[20] 9
[20] 9
[20] 9
[20] 9
[20] 9
[20] 9
[20] 9
[20] 9
[20] 9
[20] 9
[20] 9
[20] 9
[20] 9
[100] 13
[20] 15
[20] 15
[20] 15
[20] 15
[20] 15
[20] 15
[20] 15
[20] 15
[20] 15
[20] 15
[20] 15
[20] 15
[20] 15
[20] 15
[20] 15
[20] 15
[20] 15
[20] 15
[20] 15
[20] 15
[20] 15
[20] 15
[20] 15
[20] 15
[20] 15
[20] 15
[20] 15
[20] 15
[20] 15
[20] 15
[20] 15
[20] 15
[20] 15
[20] 15
[100] 14
[100] 14
[20] 16
[20] 16
[20] 9
[20] 16
[20] 16
[20] 16
[20] 9
[20] 16
[20] 16
[20] 16
[20] 16
[20] 16
[20] 16
[20] 16
[20] 16
[20] 16
[20] 16
[20] 16
[20] 16
[20] 16
[20] 16
[20] 16
[20] 16
[20] 16
[20] 16
[20] 16
[20] 16
[20] 16
[20] 16
[20] 9
[20] 16
[20] 16
[20] 16
[20] 16
[100] 8
[100] 8
[20] 16
[20] 16
[100] 15
[100] 15
[100] 15
[20] 17
[20] 17
[20] 17
[20] 17
[20] 17
[20] 17
[20] 17
[20] 17
[20] 17
[20] 17
[20] 17
[20] 17
[20] 17
[20] 17
[20] 17
[20] 17
[20] 17
[20] 17
[20] 10
[20] 17
[20] 17
[20] 17
[20] 17
[20] 17
[20] 17
[20] 17
[20] 17
[20] 17
[20] 17
[20] 17
[20] 17
[20] 17
[20] 17
[20] 17
[20] 17
[20] 17
[20] 10
[20] 10
[20] 10
[20] 10
[20] 10
[20] 10
[20] 10
[20] 10
[20] 10
[20] 10
[20] 10
[20] 10
[20] 10
[20] 10
[20] 10
[20] 10
[20] 10
[20] 10
[20] 10
[20] 10
[20] 10
[20] 10
[20] 10
[20] 10
[20] 10
[20] 10
[20] 10
[20] 10
[20] 10
[20] 10
[20] 10
[20] 10
[20] 10
[100] 9
[100] 9
[20] 11
[20] 11
[20] 11
[20] 11
[20] 11
[20] 11
[20] 11
[20] 11
[20] 11
[20] 11
[100] 16
[20] 18
[20] 18
[20] 18
[20] [20] 18
18
[20] 18
[20] 18
[20] 18
[20] 18
[20] 18
[20] 18
[20] 18
[20] 18
[20] 18
[20] 18
[20] 18
[20] 18
[20] 18
[20] 18
[20] [20] 18
18
[20] 11
[20] 18
[20] 18
[20] 18
[20] 18
[20] 18
[20] 18
[20] 18
[20] 18
[20] 18
[20] 18
[20] 18
[20] 18
[20] 18
[100] 17
[100] 17
[20] 19
[20] 19
[20] 19
[20] 19
[20] 19
[20] [20] 19
19
[20] 19
[20] 19
[20] 19
[20] 19
[20] 19
[20] 19
[20] 19
[20] 19
[20] 19
[20] 19
[20] 19
[20] 19
[20] 19
[20] 19
[20] 19
[20] 19
[20] 19
[20] 19
[20] 19
[20] 19
[20] 19
[20] 19
[20] 19
[20] 19
[20] 11
[20] 19
[20] 19
[20] 19
[20] 19
[20] 19
[20] 11
[20] 11
[20] 11
[20] 11
[20] 11
[20] 11
[20] 11
[20] 11
[20] 11
[20] 11
[20] 11
[20] 11
[20] 11
[20] 11
[20] 11
[20] 11
[20] 11
[20] 11
[20] 11
[20] 11
[20] 11
[100] 10
[100] 10
[20] 12
[20] 12
[20] 12
[20] 12
[20] 12
[20] 12
[20] 12
[20] 12
[20] 12
[20] 12
[20] 12
[20] 12
[20] 12
[20] 12
[20] 12
[20] 12
[20] 12
[20] 12
[20] 12
[20] 12
[20] 12
[20] 12
[20] 12
[100] 18
[20] 20
[20] 20
[20] 20
[20] 20
[20] 20
[20] 20
[20] 20
[20] 20
[20] [20] 20
20
[20] 20
[20] 20
[20] 20
[20] 20
[20] 20
[20] 20
[20] 20
[20] 20
[20] 20
[20] 20
[20] 20
[20] 20
[20] [20] 20
20
[20] 20
[20] 20
[20] 20
[20] 20
[20] 12
[20] 12
[20] 20
[20] 20
[20] 20
[20] 20
[20] 20
[20] 20
[100] 19
[20] 21
[20] 21
[20] 21
[20] 21
[20] 21
[20] 21
[20] 21
[20] 21
[20] 21
[20] 21
[20] 21
[20] 12
[20] 21
[20] 21
[20] 21
[20] [20] 21
21
[20] 21
[20] 21
[20] 21
[20] 21
[20] 21
[20] 21
[20] 21
[20] 21
[20] 12
[20] [20] 21
[20] 21
21
[20] 21
[20] 21
[20] 21
[20] 21
[20] 21
[20] 21
[20] 21
[20] 21
[20] 12
[20] 12
[20] 12
[20] 12
[20] 12
[20] 12
[20] 12
[20] 12
[100] 11
[100] 11
[20] 13
[20] 13
[20] 13
[20] 13
[20] 13
[20] 13
[20] 13
[20] 13
[20] 13
[20] 13
[20] 13
[20] 13
[20] 13
[20] 13
[20] 13
[20] 13
[20] 13
[20] 13
[20] 13
[20] 13
[20] 13
[20] 13
[20] 13
[20] 13
[20] 13
[20] 13
[20] 13
[20] 13
[20] 13
[20] 13
[20] 13
[20] 13
[20] 13
[20] 13
[100] 12
[100] 12
[20] 14
[20] 14
[100] 20
[20] [20] 22
22
[20] 22
[20] 22
[20] 22
[20] 22
[20] 22
[20] 22
[20] 22
[20] 22
[20] 22
[20] 22
[20] 22
[20] 22
[20] 22
[20] 22
[20] 22
[20] 22
[20] 22
[20] 22
[20] 22
[20] 22
[20] 22
[20] 22
[20] 22
[20] 22
[20] 22
[20] 22
[20] 22
[20] 14
[20] 22
[20] 22
[20] 22
[20] [20] 22
22
[100] 21
[100] 21
[20] 23
[20] 23
[20] 23
[20] 23
[20] 23
[20] 23
[20] 23
[20] 23
[20] 23
[20] 14
[20] 23
[20] 23
[20] 23
[20] 23
[20] 23
[20] 23
[20] 23
[20] 23
[20] 23
[20] 23
[20] 14
[20] 14
[20] 23
[20] 23
[20] 23
[20] 23
[20] 23
[20] 23
[20] 23
[20] 23
[20] 23
[20] 23
[20] 23
[20] 23
[20] 23
[20] 23
[100] 22
[100] 22
[20] 24
[20] 24
[20] 24
[20] 24
[20] 24
[20] 24
[20] 24
[20] 24
[20] 24
[20] 24
[20] 24
[20] 14
[20] 24
[20] 24
[20] 24
[20] 24
[20] 24
[20] 24
[20] 24
[20] 24
[20] 24
[20] 24
[20] 14
[20] 14
[20] 14
[20] 14
[20] 14
[20] 14
[20] 14
[20] 14
[20] 14
[20] 14
[20] 14
[20] 14
[20] 14
[20] 14
[20] 14
[20] 14
[20] 14
[20] 14
[20] 14
[20] 14
[20] 14
[20] 14
[20] 14
[20] 14
[20] 14
[20] 14
[20] 14
[20] 14
[100] 13
[100] 13
[20] 15
[20] 15
[20] 15
[20] 15
[20] 15
[20] 15
[20] 15
[20] 15
[20] 15
[20] 15
[20] 15
[20] 15
[20] 15
[20] 15
[20] 15
[20] 24
[20] 24
[20] 24
[20] 24
[20] 24
[20] 24
[20] 24
[20] 24
[20] 24
[20] 24
[20] 24
[20] 24
[20] 24
[20] 25
[20] 25
[20] 25
[20] 25
[20] 25
[20] 25
[20] 25
[20] 25
[20] 25
[20] 25
[20] 25
[20] 25
[20] 25
[20] 25
[20] 25
[20] 25
[20] 15
[20] 15
[20] 25
[20] 25
[20] 25
[20] 25
[20] 25
[20] 25
[20] 25
[20] 25
[20] 25
[20] 25
[20] 25
[20] 25
[20] 25
[20] 25
[20] 25
[20] [20] 25
25
[20] 25
[20] 25
[20] 25
[20] 26
[20] 26
[20] 26
[20] 26
[20] 26
[20] 26
[20] 15
[20] 26
[20] 26
[20] 26
[20] 26
[20] 26
[20] 26
[20] 26
[20] 26
[20] 26
[20] 26
[20] 26
[20] 26
[20] 15
[20] 26
[20] 26
[20] 26
[20] 26
[20] 26
[20] 26
[20] 26
[20] 26
[20] 26
[20] 26
[20] 26
[20] 26
[20] 26
[20] 26
[20] 26
[20] 26
[20] 26
[20] 26
[20] 15
[20] 15
[20] 15
[20] 15
[20] 15
[20] 15
[20] 15
[20] 15
[20] 15
[20] 15
[20] 15
[20] 15
[20] 15
[20] 15
[20] 15
[20] 15
[100] 14
[100] 14
[20] 16
[20] 16
[20] 16
[20] 16
[20] 16
[20] 16
[20] 16
[20] 16
[20] 16
[20] 16
[20] 16
[20] 16
[20] 16
[20] 16
[20] 16
[20] 16
[20] 16
[20] 16
[20] 16
[20] 16
[20] 16
[20] 16
[20] 16
[20] 16
[20] 16
[20] 16
[20] 16
[20] 16
[100] 25
[20] 27
[20] 27
[20] 27
[20] 27
[20] 27
[20] 27
[20] 27
[20] 27
[20] 27
[20] 27
[20] 27
[20] 27
[20] 27
[20] 27
[20] 27
[20] 27
[20] 27
[20] 27
[20] 27
[20] 27
[20] 27
[20] 27
[20] 27
[20] 27
[20] 27
[20] 27
[20] 27
[20] 27
[20] 27
[20] 27
[20] 27
[20] 27
[20] 27
[20] 27
[100] 26
[100] 26
[20] 16
[20] 16
[20] 16
[20] 28
[20] 28
[20] 28
[20] 28
[20] 28
[20] 28
[20] 28
[20] 28
[20] 28
[20] 16
[20] 28
[20] 28
[20] 28
[20] 28
[20] 28
[20] 28
[20] 28
[20] 28
[20] 28
[20] 28
[20] 28
[20] 28
[20] 28
[20] 28
[20] 28
[20] 28
[20] 28
[20] 28
[20] 28
[20] 28
[20] 28
[20] 28
[20] 28
[100] 27
[100] 27
[20] 29
[20] 29
[20] 29
[20] 29
[20] 29
[20] 16
[20] 16
[20] 16
[100] 15
[100] 15
[20] 17
[20] 17
[20] 17
[20] 17
[20] 17
[20] 17
[20] 17
[20] 17
[20] 17
[20] 17
[20] 17
[20] 17
[20] 17
[20] 17
[20] 17
[20] 17
[20] 17
[20] 17
[20] 17
[20] 17
[20] 17
[20] 17
[20] 17
[20] 17
[20] 29
[20] 29
[20] 29
[20] 29
[20] 29
[20] 29
[20] 29
[20] 29
[20] [20] 29
29
[20] 29
[20] 29
[20] 29
[20] 29
[20] 29
[20] 29
[20] 29
[20] 29
[20] 29
[20] 29
[20] 29
[20] 29
[20] 29
[20] 29
[20] 29
[20] 29
[20] 29
[20] 29
[20] 29
[20] 29
[20] 29
[100] 28
[20] 30
[20] 30
[20] 30
[20] 30
[20] 30
[20] 30
[20] 30
[20] 30
[20] 30
[20] 30
[20] 30
[20] 30
[20] 30
[20] 30
[20] 30
[20] 30
[20] 30
[20] 30
[20] 30
[20] 30
[20] 30
[20] 30
[20] 30
[20] 30
[20] 30
[20] 30
[20] 30
[20] 30
[20] 30
[20] 30
[20] 30
[20] 30
[20] 30
[20] 30
[20] 30
[20] 31
[20] 31
[20] 31
[20] 31
[20] 31
[20] 31
[20] 31
[20] 31
[20] [20] 31
31
[20] 31
[20] 31
[20] 31
[20] 31
[20] 31
[20] 31
[20] 31
[20] 31
[20] 31
[20] 31
[20] 31
[20] 31
[20] 31
[20] 31
[20] 31
[20] 31
[20] 31
[20] 31
[20] 31
[20] 31
[20] 31
[20] 31
[20] 31
[20] 31
[20] 31
[20] 31
[20] 17
[20] 17
[20] 17
[20] 17
[20] 17
[20] 17
[20] 17
[20] 17
[20] 17
[20] 17
[100] 16
[100] 16
[20] 18
[20] 18
[20] 18
[20] 18
[20] 18
[20] 18
[20] 18
[20] 18
[20] 18
[20] 18
[20] 18
[20] 18
[20] 18
[20] 18
[20] 18
[20] 18
[20] 18
[20] 18
[20] 18
[20] 18
[20] 18
[20] 18
[20] 18
[20] 18
[20] 18
[20] 18
[20] 18
[20] 18
[20] 18
[20] 18
[20] 18
[20] 18
[20] 18
[20] 18
[100] 17
[100] 17
[20] 19
[20] 19
[20] 19
[100] 30
[20] 32
[20] 32
[20] 32
[20] 32
[20] 32
[20] 32
[20] 32
[20] 32
[20] 32
[20] 32
[20] 32
[20] 32
[20] 32
[20] 32
[20] 32
[20] 32
[20] 32
[20] 32
[20] 32
[20] 32
[20] 32
[20] 32
[20] 32
[20] 32
[20] 32
[20] 32
[20] 32
[20] 32
[20] 32
[20] 32
[20] 19
[20] 19
[20] 32
[20] 32
[100] 31
[100] 31
[100] 31
[20] 33
[20] 33
[20] 33
[20] 33
[20] 33
[20] 33
[20] 33
[20] 33
[20] 19
[20] 33
[20] 33
[20] 33
[20] 33
[20] 33
[20] 33
[20] 33
[20] 33
[20] 33
[20] 33
[20] 33
[20] 33
[20] 33
[20] 33
[20] 33
[20] 33
[20] 33
[20] 33
[20] [20] 33
[20] 33
33
[20] 33
[20] 33
[20] 33
[20] 33
[20] 19
[20] 33
[20] 33
[20] 19
[20] 19
[20] 19
[20] 19
[20] 19
[20] 19
[20] 19
[20] 19
[20] 19
[20] 19
[20] 19
[20] 19
[20] 19
[20] 19
[20] 19
[20] 19
[20] 19
[20] 19
[20] 19
[20] 19
[20] 19
[20] 19
[20] 19
[20] 19
[20] 19
[20] 19
[20] 19
[20] 19
[100] 18
[100] 18
[20] 20
[20] 20
[20] 20
[20] 20
[20] 20
[20] 20
[20] 20
[20] 20
[20] 20
[20] 20
[20] 20
[20] 20
[20] 20
[20] 20
[20] 20
[20] 20
[100] 32
[20] 34
[20] 34
[20] 34
[20] 34
[20] 34
[20] 34
[20] 34
[20] 34
[20] 34
[20] 34
[20] 34
[20] 34
[20] 34
[20] 34
[20] 34
[20] 34
[20] 34
[20] 34
[20] 34
[20] 34
[20] 34
[20] 34
[20] 34
[20] 34
[20] 34
[20] 34
[20] 34
[20] 34
[20] 34
[20] 34
[20] 34
[20] 34
[20] 34
[20] 34
[20] 34
[20] 20
[100] 33
[20] 35
[20] 35
[20] 35
[20] 35
[20] 35
[20] 35
[20] 35
[20] 35
[20] 35
[20] 35
[20] 35
[20] 35
[20] 35
[20] 35
[20] 35
[20] 35
[20] 20
[20] 35
[20] 35
[20] 35
[20] 35
[20] 35
[20] 35
[20] 35
[20] 35
[20] 35
[20] 35
[20] 35
[20] 35
[20] 35
[20] 35
[20] 35
[20] 35
[20] 35
[20] 35
[100] 34
[100] 34
[20] 36
[20] 36
[20] 36
[20] 36
[20] 36
[20] 36
[20] 36
[20] 36
[20] 36
[20] 36
[20] 36
[20] 36
[20] 20
[20] 36
[20] 36
[20] 36
[20] 36
[20] 36
[20] 36
[20] 36
[20] 36
[20] 36
[20] 36
[20] 36
[20] 36
[20] 36
[20] 36
[20] 20
[20] 36
[20] 36
[20] 36
[20] 36
[20] 36
[20] 36
[20] 36
[20] 36
[20] 36
[20] 20
[20] 20
[20] 20
[20] 20
[20] 20
[20] 20
[20] 20
[20] 20
[20] 20
[20] 20
[20] 20
[20] 20
[20] 20
[20] 20
[20] 20
[100] 19
[20] 21
[20] 21
[20] 21
[20] 21
[20] 21
[20] 21
[20] 21
[20] 21
[20] 21
[20] 21
[20] 21
[20] 21
[20] 21
[20] 21
[20] 21
[20] 21
[20] 21
[20] 21
[20] 21
[20] 21
[20] 21
[20] 21
[20] 21
[20] 21
[20] 21
[20] 21
[20] 21
[20] 21
[20] 21
[100] 35
[20] 37
[20] 37
[20] 37
[20] 37
[20] 37
[20] 37
[20] 37
[20] 37
[20] 37
[20] 37
[20] 37
[20] 37
[20] 37
[20] 37
[20] 37
[20] 37
[20] 37
[20] 37
[20] 37
[20] 37
[20] 37
[20] 37
[20] 37
[20] 37
[20] 37
[20] 37
[20] 37
[20] 37
[20] 37
[20] 37
[20] 37
[20] 37
[20] 37
[100] 36
[100] 36
[100] 36
[20] 38
[20] 38
[20] 38
[20] 38
[20] 21
[20] 38
[20] 38
[20] 38
[20] 38
[20] 38
[20] 38
[20] 38
[20] 38
[20] 38
[20] 38
[20] 38
[20] 38
[20] 38
[20] 38
[20] 38
[20] 38
[20] 38
[20] 38
[20] 38
[20] 38
[20] 38
[20] [20] 38
38
[20] 38
[20] 38
[20] 38
[20] 38
[20] 38
[20] 38
[20] 38
[20] 38
[20] 38
[20] 21
[20] 21
[20] 21
[20] 21
[100] 20
[20] 22
